[cosmological_parameters]
omega_m  =  0.265
h0  =  0.71
omega_b  =  0.0448
n_s  =  0.963
e9a_s  =  2.1
tau  =  0.08
omega_k  =  0.0
w  =  -1.0
wa  =  0.0

[hod_parameters]
lgm1  =  10.74    10.980889850027154    11.74
lgl0  =  9.45    9.899126277738917    10.45
g1  =  2.68    2.9976505102092124    3.68
g2  =  -0.755    0.42885438960005107    1.245
scatter  =  -0.343    0.046933202001357366    0.657
alfa_s  =  -2.18    -0.18001485736631428    -0.18
b0  =  -2.17    -0.6261191455396311    -0.17
b1  =  1.03    1.5007880151810573    2.03
b2  =  -0.717    -0.17679546880903974    0.283

[pk_parameters]
trans_1hto2h  =  1.0


10.980889850027154   9.899126277738917   2.9976505102092124   0.42885438960005107   0.046933202001357366   -0.18001485736631428   -0.6261191455396311   1.5007880151810573   -0.17679546880903974


10.980889850027154   9.899126277738917   2.9976505102092124   0.42885438960005107   0.046933202001357366   -0.18001485736631428   -0.6261191455396311   1.5007880151810573   -0.17679546880903974


11.041540063808334   9.979315261861128   2.9307355882321   0.43341038032436063   0.0496220676905465   -0.18007136323281658   -1.2672765057363833   1.7399003618334992   -0.23237655546802494

11.041540063808334   9.979315261861128   2.9307355882321   0.43341038032436063   0.0496220676905465   -0.18007136323281658   -1.2672765057363833   1.7399003618334992   -0.23237655546802494

