[cosmological_parameters]
omega_m  =  0.265
h0  =  0.71
omega_b  =  0.0448
n_s  =  0.963
e9a_s  =  2.1
tau  =  0.08
omega_k  =  0.0
w  =  -1.0
wa  =  0.0

[hod_parameters]
lgm1  =  10.74    11.001125064261332    11.74
lgl0  =  9.45    9.987462763519988    10.45
g1  =  2.68    3.1142628871364755    3.68
g2  =  -0.755    0.4298140283690909    1.245
scatter  =  -0.343    0.04156015993096768    0.657
alfa_s  =  -2.18    -0.3543916914235785    -0.18
b0  =  -2.17    -2.1699992053884873    -0.17
b1  =  1.03    2.015101205938556    2.03
b2  =  -0.717    -0.2025402742697665    0.283

[pk_parameters]
trans_1hto2h  =  1.0

