[cosmological_parameters]
omega_m  =  0.265
h0  =  0.71
omega_b  =  0.0448
n_s  =  0.963
e9a_s  =  2.1
tau  =  0.08
omega_k  =  0.0
w  =  -1.0
wa  =  0.0

[hod_parameters]
lgm1  =  10.74    11.041540063808334    11.74
lgl0  =  9.45    9.979315261861128    10.45
g1  =  2.68    2.9307355882321    3.68
g2  =  -0.755    0.43341038032436063    1.245
scatter  =  -0.343    0.0496220676905465    0.657
alfa_s  =  -2.18    -0.18007136323281658    -0.18
b0  =  -2.17    -1.2672765057363833    -0.17
b1  =  1.03    1.7399003618334992    2.03
b2  =  -0.717    -0.23237655546802494    0.283

[pk_parameters]
trans_1hto2h  =  1.0

